p0 0 4 1
p1 1 9 4
p2 2 8 3
p3 3 4 9
p4 4 3 10
p5 5 14 1
p6 6 1 2
p7 7 7 4
p8 8 17 10
p9 9 1 9
p10 10 7 9
p11 11 14 4
p12 12 15 10
p13 13 9 1
p14 14 6 7
p15 15 11 5
p16 16 5 4
p17 17 11 2
p18 18 3 7
p19 19 4 6
p20 20 12 10
p21 21 9 1
p22 22 15 9
p23 23 4 7
p24 24 3 9
p25 25 10 10
p26 26 12 10
p27 27 7 2
p28 28 2 4
p29 29 10 2
p30 30 8 2
p31 31 13 5
p32 32 15 6
p33 33 6 6
p34 34 12 4
p35 35 9 2
p36 36 20 3
p37 37 18 4
p38 38 6 8
p39 39 13 5
p40 40 18 4
p41 41 11 1
p42 42 8 1
p43 43 11 7
p44 44 9 2
p45 45 7 10
p46 46 11 4
p47 47 16 7
p48 48 15 3
p49 49 9 3
p50 50 8 9
p51 51 18 5
p52 52 19 7
p53 53 19 7
p54 54 12 4
p55 55 5 9
p56 56 16 2
p57 57 2 2
p58 58 5 3
p59 59 14 10
p60 60 3 7
p61 61 13 10
p62 62 15 9
p63 63 9 9
p64 64 1 2
p65 65 18 5
p66 66 11 2
p67 67 10 7
p68 68 6 8
p69 69 1 5
p70 70 17 3
p71 71 17 2
p72 72 10 9
p73 73 20 4
p74 74 5 6
p75 75 6 9
p76 76 17 1
p77 77 20 6
p78 78 16 1
p79 79 4 6
p80 80 10 4
p81 81 2 4
p82 82 19 2
p83 83 3 8
p84 84 3 9
p85 85 5 3
p86 86 16 9
p87 87 6 5
p88 88 17 10
p89 89 14 4
p90 90 18 4
p91 91 10 7
p92 92 12 8
p93 93 17 8
p94 94 4 4
p95 95 8 2
p96 96 11 1
p97 97 19 9
p98 98 8 10
p99 99 8 1